3 0.26535288725939504 0.36866059817945385 0.5013748854262144 0.47464239271781533
3 0.26535288725939504 0.36866059817945385 0.5013748854262144 0.47464239271781533
4 0.43583868010999083 0.20123537061118335 0.12557286892758937 0.12028608582574772
4 0.28826764436296975 0.23146944083224968 0.14023831347387716 0.13914174252275682
4 0.4541704857928506 0.32054616384915474 0.10357470210815765 0.09752925877763328
4 0.09028414298808432 0.5198309492847855 0.12557286892758937 0.1540962288686606
2 0.7589367552703942 0.3543563068920676 0.48029330889092575 0.44733420026007803
2 0.7589367552703942 0.3543563068920676 0.48029330889092575 0.44733420026007803
2 0.26076993583868013 0.8143693107932379 0.5178735105407882 0.3621586475942783
2 0.26076993583868013 0.8143693107932379 0.5178735105407882 0.3621586475942783
3 0.7566452795600367 0.7916124837451235 0.46471127406049495 0.4102730819245774
3 0.7566452795600367 0.7916124837451235 0.46471127406049495 0.4102730819245774
4 0.8945921173235564 0.6706762028608583 0.15582034830430797 0.14759427828348504
4 0.620531622364803 0.6749024707412223 0.15948670944087992 0.15214564369310793
1 0.5 0.09167750325097529 0.998166819431714 0.055916775032509754
1 0.5 0.09167750325097529 0.998166819431714 0.055916775032509754
1 0.5 0.09167750325097529 0.998166819431714 0.055916775032509754
1 0.5 0.09167750325097529 0.998166819431714 0.055916775032509754
0 0.5036663611365719 0.03218465539661899 0.9853345554537122 0.056566970091027305
0 0.5036663611365719 0.03218465539661899 0.9853345554537122 0.056566970091027305
0 0.5036663611365719 0.03218465539661899 0.9853345554537122 0.056566970091027305
0 0.5036663611365719 0.03218465539661899 0.9853345554537122 0.056566970091027305
0 0.5036663611365719 0.03218465539661899 0.9853345554537122 0.056566970091027305
