3 0.2635197066911091 0.3715864759427828 0.5105407882676444 0.48049414824447334
3 0.2635197066911091 0.3715864759427828 0.5105407882676444 0.48049414824447334
1 0.5 0.09037711313394019 0.9853345554537122 0.05201560468140442
1 0.5 0.09037711313394019 0.9853345554537122 0.05201560468140442
1 0.5 0.09037711313394019 0.9853345554537122 0.05201560468140442
1 0.5 0.09037711313394019 0.9853345554537122 0.05201560468140442
0 0.5022914757103575 0.03446033810143043 0.9880843263061412 0.05071521456436931
0 0.5022914757103575 0.03446033810143043 0.9880843263061412 0.05071521456436931
0 0.5022914757103575 0.03446033810143043 0.9880843263061412 0.05071521456436931
0 0.5022914757103575 0.03446033810143043 0.9880843263061412 0.05071521456436931
0 0.5022914757103575 0.03446033810143043 0.9880843263061412 0.05071521456436931
2 0.7598533455545371 0.37971391417425226 0.4784601283226398 0.49024707412223667
2 0.7598533455545371 0.37971391417425226 0.4784601283226398 0.49024707412223667
2 0.1544454628780935 0.8140442132639792 0.30339138405132904 0.3602080624187256
2 0.1544454628780935 0.8140442132639792 0.30339138405132904 0.3602080624187256
3 0.6512373968835931 0.8098179453836151 0.6828597616865261 0.3621586475942783
3 0.6512373968835931 0.8098179453836151 0.6828597616865261 0.3621586475942783
4 0.4074243813015582 0.9118985695708712 0.14390467461044912 0.13459037711313393
4 0.6283226397800183 0.9037711313394018 0.1622364802933089 0.15344603381014305
4 0.9078826764436297 0.9398569570871261 0.1457378551787351 0.08777633289986995
