4 0.12419798350137488 0.22854356306892068 0.1934005499541705 0.18400520156046815
4 0.6173235563703025 0.6323146944083224 0.1604032997250229 0.1527958387516255
4 0.806141154903758 0.6297139141742523 0.14207149404216315 0.13589076723016905
4 0.9362969752520623 0.6986345903771132 0.09074243813015583 0.08907672301690507
4 0.9317140238313474 0.596553966189857 0.0925756186984418 0.08777633289986995
3 0.267186067827681 0.3663849154746424 0.5068744271310724 0.48179453836150843
3 0.267186067827681 0.3663849154746424 0.5068744271310724 0.48179453836150843
3 0.7593950504124656 0.7688556566970091 0.4665444546287809 0.4518855656697009
3 0.7593950504124656 0.7688556566970091 0.4665444546287809 0.4518855656697009
2 0.2612282309807516 0.8111183355006502 0.5206232813932172 0.37256176853055917
2 0.2612282309807516 0.8111183355006502 0.5206232813932172 0.37256176853055917
2 0.7593950504124656 0.3309492847854356 0.47571035747021084 0.42002600780234073
2 0.7593950504124656 0.3309492847854356 0.47571035747021084 0.42002600780234073
1 0.502749770852429 0.08842652795838751 0.9926672777268561 0.04811443433029909
1 0.502749770852429 0.08842652795838751 0.9926672777268561 0.04811443433029909
1 0.502749770852429 0.08842652795838751 0.9926672777268561 0.04811443433029909
1 0.502749770852429 0.08842652795838751 0.9926672777268561 0.04811443433029909
0 0.4963336388634281 0.03185955786736021 0.9798350137488543 0.04681404421326398
0 0.4963336388634281 0.03185955786736021 0.9798350137488543 0.04681404421326398
0 0.4963336388634281 0.03185955786736021 0.9798350137488543 0.04681404421326398
0 0.4963336388634281 0.03185955786736021 0.9798350137488543 0.04681404421326398
0 0.4963336388634281 0.03185955786736021 0.9798350137488543 0.04681404421326398
