0 0.499083409715857 0.03315994798439532 0.9853345554537122 0.05071521456436931
0 0.499083409715857 0.03315994798439532 0.9853345554537122 0.05071521456436931
0 0.499083409715857 0.03315994798439532 0.9853345554537122 0.05071521456436931
0 0.499083409715857 0.03315994798439532 0.9853345554537122 0.05071521456436931
0 0.499083409715857 0.03315994798439532 0.9853345554537122 0.05071521456436931
1 0.49816681943171404 0.0887516254876463 0.9908340971585701 0.06436931079323797
1 0.49816681943171404 0.0887516254876463 0.9908340971585701 0.06436931079323797
1 0.49816681943171404 0.0887516254876463 0.9908340971585701 0.06436931079323797
1 0.49816681943171404 0.0887516254876463 0.9908340971585701 0.06436931079323797
3 0.7231897341888176 0.2649544863459038 0.5242896425297892 0.2789336801040312
3 0.7231897341888176 0.2649544863459038 0.5242896425297892 0.2789336801040312
4 0.8932172318973419 0.18075422626788037 0.1695692025664528 0.08842652795838751
4 0.8487626031164069 0.2669050715214564 0.076993583868011 0.07607282184655396
4 0.9349220898258478 0.26755526657997397 0.0843263061411549 0.07217165149544863
4 0.8890925756186985 0.3514304291287386 0.17048579285059579 0.09037711313394019
2 0.23189734188817598 0.26755526657997397 0.458295142071494 0.29453836150845253
2 0.23189734188817598 0.26755526657997397 0.458295142071494 0.29453836150845253
2 0.7653528872593951 0.5562418725617685 0.46012832263978004 0.3036410923276983
2 0.7653528872593951 0.5562418725617685 0.46012832263978004 0.3036410923276983
2 0.2296058661778185 0.8543563068920677 0.4555453712190651 0.2834850455136541
2 0.2296058661778185 0.8543563068920677 0.4555453712190651 0.2834850455136541
3 0.27497708524289644 0.5533159947984395 0.5187901008249313 0.27308192457737324
3 0.27497708524289644 0.5533159947984395 0.5187901008249313 0.27308192457737324
4 0.15811182401466545 0.4886215864759428 0.2392300641613199 0.1267880364109233
4 0.41475710357470214 0.4866710013003901 0.2153987167736022 0.11248374512353707
3 0.727314390467461 0.852405721716515 0.5288725939505041 0.2834850455136541
3 0.727314390467461 0.852405721716515 0.5288725939505041 0.2834850455136541
4 0.5980751604032998 0.7795838751625488 0.2153987167736022 0.11703511053315994
4 0.8826764436296975 0.8797139141742523 0.18148487626031165 0.09232769830949285
4 0.6104491292392301 0.9206762028608583 0.23648029330889092 0.12483745123537061
4 0.884967919340055 0.7717815344603381 0.19523373052245646 0.10013003901170352
