4 0.4303391384051329 0.5247074122236671 0.1622364802933089 0.14954486345903772
4 0.26443629697525206 0.543888166449935 0.13657195233730524 0.09037711313394019
4 0.3185151237396884 0.21651495448634592 0.16406966086159486 0.15864759427828348
4 0.4596700274977085 0.21391417425227569 0.09807516040329972 0.09492847854356307
4 0.11594867094408799 0.23472041612483746 0.20623281393217233 0.19505851755526657
3 0.26397800183318054 0.37386215864759426 0.5114573785517873 0.4850455136540962
3 0.26397800183318054 0.37386215864759426 0.5114573785517873 0.4850455136540962
2 0.7571035747021082 0.33224967490247076 0.4747937671860678 0.41092327698309494
2 0.7571035747021082 0.33224967490247076 0.4747937671860678 0.41092327698309494
2 0.2635197066911091 0.8104681404421327 0.5178735105407882 0.3764629388816645
2 0.2635197066911091 0.8104681404421327 0.5178735105407882 0.3764629388816645
1 0.5 0.08940182054616384 0.9908340971585701 0.06046814044213264
1 0.5 0.08940182054616384 0.9908340971585701 0.06046814044213264
1 0.5 0.08940182054616384 0.9908340971585701 0.06046814044213264
1 0.5 0.08940182054616384 0.9908340971585701 0.06046814044213264
0 0.4986251145737855 0.03218465539661899 0.9880843263061412 0.05266579973992198
0 0.4986251145737855 0.03218465539661899 0.9880843263061412 0.05266579973992198
0 0.4986251145737855 0.03218465539661899 0.9880843263061412 0.05266579973992198
0 0.4986251145737855 0.03218465539661899 0.9880843263061412 0.05266579973992198
0 0.4986251145737855 0.03218465539661899 0.9880843263061412 0.05266579973992198
4 0.5999083409715857 0.6102080624187256 0.10907424381301559 0.10598179453836151
4 0.7465627864344638 0.6157347204161249 0.12557286892758937 0.1222366710013004
4 0.9115490375802017 0.6173602080624188 0.12373968835930339 0.11638491547464239
3 0.7626031164069661 0.7717815344603381 0.46012832263978004 0.44993498049414826
3 0.7626031164069661 0.7717815344603381 0.46012832263978004 0.44993498049414826
