3 0.2621448212648946 0.36703511053315996 0.5187901008249313 0.4908972691807542
3 0.2621448212648946 0.36703511053315996 0.5187901008249313 0.4908972691807542
4 0.11090742438130156 0.2737321196358908 0.19615032080659944 0.12483745123537061
4 0.08249312557286893 0.4118985695708713 0.12098991750687443 0.1176853055916775
4 0.07974335472043996 0.5435630689206762 0.12098991750687443 0.11963589076723016
1 0.502749770852429 0.09037711313394019 0.9926672777268561 0.055916775032509754
1 0.502749770852429 0.09037711313394019 0.9926672777268561 0.055916775032509754
1 0.502749770852429 0.09037711313394019 0.9926672777268561 0.055916775032509754
1 0.502749770852429 0.09037711313394019 0.9926672777268561 0.055916775032509754
0 0.49725022914757105 0.032509752925877766 0.9926672777268561 0.06501950585175553
0 0.49725022914757105 0.032509752925877766 0.9926672777268561 0.06501950585175553
0 0.49725022914757105 0.032509752925877766 0.9926672777268561 0.06501950585175553
0 0.49725022914757105 0.032509752925877766 0.9926672777268561 0.06501950585175553
0 0.49725022914757105 0.032509752925877766 0.9926672777268561 0.06501950585175553
2 0.7612282309807517 0.3735370611183355 0.4738771769019248 0.49349804941482445
2 0.7612282309807517 0.3735370611183355 0.4738771769019248 0.49349804941482445
3 0.6714023831347388 0.8107932379713915 0.6296975252062328 0.3641092327698309
3 0.6714023831347388 0.8107932379713915 0.6296975252062328 0.3641092327698309
4 0.4835013748854262 0.6986345903771132 0.22639780018331807 0.11508452535760728
4 0.6970669110907425 0.6911573472041612 0.1860678276810266 0.10923276983094929
4 0.884967919340055 0.6879063719115734 0.1622364802933089 0.07802340702210664
2 0.1769019248395967 0.8156697009102731 0.3538038496791934 0.3673602080624187
2 0.1769019248395967 0.8156697009102731 0.3538038496791934 0.3673602080624187
