3 0.26535288725939504 0.3680104031209363 0.4995417048579285 0.47464239271781533
4 0.2758936755270394 0.23309492847854357 0.16681943171402383 0.15929778933680103
4 0.29514207149404215 0.5133289986996099 0.15948670944087992 0.14889466840052015
4 0.44683776351970667 0.5045513654096229 0.11640696608615948 0.11053315994798439
2 0.7584784601283227 0.3345253576072822 0.48120989917506873 0.40897269180754225
1 0.49816681943171404 0.09135240572171652 0.9816681943171403 0.055266579973992196
0 0.5013748854262144 0.03315994798439532 0.9752520623281393 0.05721716514954486
2 0.2626031164069661 0.8075422626788037 0.5252062328139322 0.37451235370611186
4 0.6342804766269478 0.6443433029908973 0.17965169569202566 0.16905071521456436
4 0.7960586617781852 0.6238621586475943 0.1145737855178735 0.12158647594278284
4 0.9225481209899175 0.6157347204161249 0.11274060494958753 0.10533159947984395
4 0.8941338221814848 0.9128738621586476 0.15307057745187902 0.15344603381014305
