0 0.49816681943171404 0.04193758127438232 0.9926672777268561 0.04746423927178153
0 0.49816681943171404 0.04193758127438232 0.9926672777268561 0.04746423927178153
0 0.49816681943171404 0.04193758127438232 0.9926672777268561 0.04746423927178153
0 0.49816681943171404 0.04193758127438232 0.9926672777268561 0.04746423927178153
0 0.49816681943171404 0.04193758127438232 0.9926672777268561 0.04746423927178153
1 0.49450045829514205 0.09167750325097529 0.9853345554537122 0.05201560468140442
1 0.49450045829514205 0.09167750325097529 0.9853345554537122 0.05201560468140442
1 0.49450045829514205 0.09167750325097529 0.9853345554537122 0.05201560468140442
1 0.49450045829514205 0.09167750325097529 0.9853345554537122 0.05201560468140442
2 0.8350137488542622 0.3091677503250975 0.3226397800183318 0.38296488946684004
2 0.8350137488542622 0.3091677503250975 0.3226397800183318 0.38296488946684004
2 0.49679193400549954 0.5676202860858257 0.9935838680109991 0.11703511053315994
2 0.49679193400549954 0.5676202860858257 0.9935838680109991 0.11703511053315994
2 0.1544454628780935 0.8111183355006502 0.30522456461961506 0.3660598179453836
2 0.1544454628780935 0.8111183355006502 0.30522456461961506 0.3660598179453836
3 0.3437213565536205 0.3049414824447334 0.6617781851512374 0.35370611183355005
3 0.3437213565536205 0.3049414824447334 0.6617781851512374 0.35370611183355005
4 0.1306141154903758 0.19408322496749025 0.20439963336388633 0.10598179453836151
4 0.34188817598533455 0.1931079323797139 0.1686526122823098 0.10403120936280884
4 0.5513290559120073 0.20123537061118335 0.20989917506874428 0.11118335500650195
4 0.5609532538955087 0.3241222366710013 0.20348304307974335 0.10728218465539661
4 0.08524289642529789 0.2883615084525358 0.11915673693858846 0.06176853055916775
4 0.5857011915673694 0.43693107932379716 0.16315307057745188 0.08842652795838751
4 0.44225481209899176 0.7015604681404422 0.23556370302474794 0.12483745123537061
3 0.6494042163153071 0.8117685305591678 0.6846929422548121 0.3634590377113134
3 0.6494042163153071 0.8117685305591678 0.6846929422548121 0.3634590377113134
4 0.6626947754353804 0.6911573472041612 0.1778185151237397 0.09622886866059818
4 0.8712190650779101 0.703185955786736 0.20623281393217233 0.1033810143042913
4 0.3913840513290559 0.8358257477243173 0.13382218148487626 0.06827048114434331
4 0.4463794683776352 0.9236020806241872 0.2456461961503208 0.10598179453836151
4 0.6801099908340972 0.9333550065019506 0.20531622364802934 0.11118335500650195
4 0.8854262144821264 0.9284785435630689 0.21081576535288726 0.11313394018205461
