0 0.49725022914757105 0.03673602080624187 0.9890009165902841 0.056566970091027305
0 0.49725022914757105 0.03673602080624187 0.9890009165902841 0.056566970091027305
0 0.49725022914757105 0.03673602080624187 0.9890009165902841 0.056566970091027305
0 0.49725022914757105 0.03673602080624187 0.9890009165902841 0.056566970091027305
0 0.49725022914757105 0.03673602080624187 0.9890009165902841 0.056566970091027305
1 0.49725022914757105 0.09557867360208062 0.9890009165902841 0.053315994798439535
1 0.49725022914757105 0.09557867360208062 0.9890009165902841 0.053315994798439535
1 0.49725022914757105 0.09557867360208062 0.9890009165902841 0.053315994798439535
1 0.49725022914757105 0.09557867360208062 0.9890009165902841 0.053315994798439535
3 0.7373968835930339 0.26235370611183356 0.5142071494042163 0.27113133940182055
3 0.7373968835930339 0.26235370611183356 0.5142071494042163 0.27113133940182055
4 0.5792850595783685 0.17652795838751625 0.1613198900091659 0.0812743823146944
4 0.9060494958753437 0.17360208062418725 0.1310724106324473 0.07022106631989597
4 0.9097158570119157 0.35370611183355005 0.15490375802016498 0.07932379713914174
4 0.7548120989917507 0.17360208062418725 0.14940421631530706 0.07802340702210664
3 0.25756186984417967 0.5542912873862159 0.4986251145737855 0.2672301690507152
3 0.25756186984417967 0.5542912873862159 0.4986251145737855 0.2672301690507152
4 0.40284142988084326 0.4782184655396619 0.16590284142988085 0.08777633289986995
4 0.10678276810265812 0.4723667100130039 0.16406966086159486 0.08517555266579974
4 0.12144821264894592 0.5718465539661899 0.18056828597616864 0.0929778933680104
3 0.7222731439046746 0.849479843953186 0.5261228230980751 0.2789336801040312
3 0.7222731439046746 0.849479843953186 0.5261228230980751 0.2789336801040312
4 0.7626031164069661 0.7477243172951885 0.09899175068744272 0.054616384915474644
4 0.8964252978918423 0.7584525357607282 0.14482126489459213 0.07607282184655396
4 0.8978001833180568 0.852405721716515 0.14207149404216315 0.0754226267880364
4 0.9019248395967002 0.9489596879063719 0.13382218148487626 0.07087126137841353
2 0.2392300641613199 0.26918075422626786 0.4784601283226398 0.293888166449935
2 0.2392300641613199 0.26918075422626786 0.4784601283226398 0.293888166449935
2 0.7511457378551787 0.5598179453836151 0.4903758020164986 0.28998699609882966
2 0.7511457378551787 0.5598179453836151 0.4903758020164986 0.28998699609882966
2 0.22639780018331807 0.8491547464239272 0.4472960586617782 0.29128738621586475
2 0.22639780018331807 0.8491547464239272 0.4472960586617782 0.29128738621586475
