3 0.3464711274060495 0.3049414824447334 0.6709440879926672 0.3602080624187256
3 0.3464711274060495 0.3049414824447334 0.6709440879926672 0.3602080624187256
3 0.6035747021081577 0.7890117035110533 0.7781851512373968 0.40897269180754225
3 0.6035747021081577 0.7890117035110533 0.7781851512373968 0.40897269180754225
1 0.499083409715857 0.08842652795838751 0.9890009165902841 0.07282184655396619
1 0.499083409715857 0.08842652795838751 0.9890009165902841 0.07282184655396619
1 0.499083409715857 0.08842652795838751 0.9890009165902841 0.07282184655396619
1 0.499083409715857 0.08842652795838751 0.9890009165902841 0.07282184655396619
0 0.49541704857928504 0.0305591677503251 0.9908340971585701 0.04291287386215865
0 0.49541704857928504 0.0305591677503251 0.9908340971585701 0.04291287386215865
0 0.49541704857928504 0.0305591677503251 0.9908340971585701 0.04291287386215865
0 0.49541704857928504 0.0305591677503251 0.9908340971585701 0.04291287386215865
0 0.49541704857928504 0.0305591677503251 0.9908340971585701 0.04291287386215865
2 0.8377635197066912 0.31306892067620284 0.31164069660861593 0.3764629388816645
2 0.8377635197066912 0.31306892067620284 0.31164069660861593 0.3764629388816645
2 0.499083409715857 0.5403120936280884 0.9890009165902841 0.0858257477243173
2 0.499083409715857 0.5403120936280884 0.9890009165902841 0.0858257477243173
2 0.10403299725022915 0.7896618985695709 0.2080659945004583 0.41677503250975295
2 0.10403299725022915 0.7896618985695709 0.2080659945004583 0.41677503250975295
4 0.11686526122823097 0.18628088426527958 0.18790100824931255 0.09947984395318596
4 0.33501374885426216 0.19148244473342002 0.19706691109074242 0.1046814044213264
4 0.5549954170485792 0.19863459037711315 0.23006416131989002 0.12158647594278284
4 0.5261228230980751 0.3198959687906372 0.17415215398716774 0.09232769830949285
4 0.1154903758020165 0.28446033810143045 0.14298808432630614 0.07607282184655396
4 0.34280476626947753 0.6501950585175552 0.22181484876260313 0.11703511053315994
4 0.5957836846929423 0.659297789336801 0.23281393217231897 0.1222366710013004
4 0.8538038496791934 0.6628738621586476 0.2447296058661778 0.1267880364109233
4 0.8473877176901925 0.7977893368010404 0.23006416131989002 0.12093628088426528
4 0.8657195233730522 0.9258777633289987 0.20989917506874428 0.10923276983094929
