1 0.49495875343721357 0.09167750325097529 0.9844179651695693 0.05201560468140442
1 0.49495875343721357 0.09167750325097529 0.9844179651695693 0.05201560468140442
1 0.49495875343721357 0.09167750325097529 0.9844179651695693 0.05201560468140442
1 0.49495875343721357 0.09167750325097529 0.9844179651695693 0.05201560468140442
0 0.4922089825847846 0.03218465539661899 0.9844179651695693 0.04876462938881664
0 0.4922089825847846 0.03218465539661899 0.9844179651695693 0.04876462938881664
0 0.4922089825847846 0.03218465539661899 0.9844179651695693 0.04876462938881664
0 0.4922089825847846 0.03218465539661899 0.9844179651695693 0.04876462938881664
0 0.4922089825847846 0.03218465539661899 0.9844179651695693 0.04876462938881664
4 0.4074243813015582 0.5003250975292588 0.1915673693858845 0.1801040312093628
2 0.7571035747021082 0.33485045513654094 0.4821264894592117 0.4135240572171652
2 0.7571035747021082 0.33485045513654094 0.4821264894592117 0.4135240572171652
2 0.2612282309807516 0.8130689206762028 0.5187901008249313 0.3634590377113134
2 0.2612282309807516 0.8130689206762028 0.5187901008249313 0.3634590377113134
4 0.7534372135655362 0.6258127438231469 0.13382218148487626 0.1293888166449935
4 0.9037580201649863 0.6232119635890767 0.13382218148487626 0.1267880364109233
3 0.7580201649862511 0.7665799739921977 0.4711274060494959 0.4408322496749025
3 0.7580201649862511 0.7665799739921977 0.4711274060494959 0.4408322496749025
3 0.26306141154903756 0.37028608582574774 0.5004582951420715 0.47139141742522755
3 0.26306141154903756 0.37028608582574774 0.5004582951420715 0.47139141742522755
