3 0.27360219981668193 0.36866059817945385 0.5087076076993584 0.48244473342002603
3 0.27360219981668193 0.36866059817945385 0.5087076076993584 0.48244473342002603
1 0.4963336388634281 0.09200260078023408 0.9926672777268561 0.056566970091027305
1 0.4963336388634281 0.09200260078023408 0.9926672777268561 0.056566970091027305
1 0.4963336388634281 0.09200260078023408 0.9926672777268561 0.056566970091027305
1 0.4963336388634281 0.09200260078023408 0.9926672777268561 0.056566970091027305
0 0.49587534372135655 0.0377113133940182 0.9880843263061412 0.05071521456436931
0 0.49587534372135655 0.0377113133940182 0.9880843263061412 0.05071521456436931
0 0.49587534372135655 0.0377113133940182 0.9880843263061412 0.05071521456436931
0 0.49587534372135655 0.0377113133940182 0.9880843263061412 0.05071521456436931
0 0.49587534372135655 0.0377113133940182 0.9880843263061412 0.05071521456436931
2 0.7630614115490376 0.35695708712613783 0.46837763519706693 0.4486345903771131
2 0.7630614115490376 0.35695708712613783 0.46837763519706693 0.4486345903771131
3 0.769019248395967 0.7912873862158648 0.44912923923006415 0.40312093628088425
3 0.769019248395967 0.7912873862158648 0.44912923923006415 0.40312093628088425
4 0.9252978918423465 0.6488946684005201 0.1145737855178735 0.10663198959687907
4 0.6145737855178736 0.6547464239271782 0.12007332722273144 0.11183355006501951
4 0.6434463794683777 0.9063719115734721 0.1686526122823098 0.15734720416124837
4 0.4472960586617782 0.5448634590377113 0.1228230980751604 0.11573472041612484
2 0.27222731439046743 0.8075422626788037 0.538955087076077 0.3732119635890767
2 0.27222731439046743 0.8075422626788037 0.538955087076077 0.3732119635890767
