3 0.7383134738771769 0.3673602080624187 0.4977085242896425 0.47074122236671
3 0.7383134738771769 0.3673602080624187 0.4977085242896425 0.47074122236671
1 0.4977085242896425 0.08745123537061118 0.9935838680109991 0.06566970091027308
1 0.4977085242896425 0.08745123537061118 0.9935838680109991 0.06566970091027308
1 0.4977085242896425 0.08745123537061118 0.9935838680109991 0.06566970091027308
1 0.4977085242896425 0.08745123537061118 0.9935838680109991 0.06566970091027308
0 0.49587534372135655 0.02990897269180754 0.9789184234647113 0.05071521456436931
0 0.49587534372135655 0.02990897269180754 0.9789184234647113 0.05071521456436931
0 0.49587534372135655 0.02990897269180754 0.9789184234647113 0.05071521456436931
0 0.49587534372135655 0.02990897269180754 0.9789184234647113 0.05071521456436931
0 0.49587534372135655 0.02990897269180754 0.9789184234647113 0.05071521456436931
2 0.24427131072410632 0.3345253576072822 0.4867094408799267 0.40897269180754225
2 0.24427131072410632 0.3345253576072822 0.4867094408799267 0.40897269180754225
3 0.24289642529789185 0.7714564369310793 0.48029330889092575 0.4518855656697009
3 0.24289642529789185 0.7714564369310793 0.48029330889092575 0.4518855656697009
2 0.7424381301558204 0.812743823146944 0.5114573785517873 0.36540962288686607
2 0.7424381301558204 0.812743823146944 0.5114573785517873 0.36540962288686607
