3 0.7497708524289642 0.35208062418725616 0.4747937671860678 0.44928478543563066
3 0.7497708524289642 0.35208062418725616 0.4747937671860678 0.44928478543563066
3 0.23556370302474794 0.6859557867360208 0.4344637946837763 0.1976592977893368
3 0.23556370302474794 0.6859557867360208 0.4344637946837763 0.1976592977893368
2 0.2534372135655362 0.35403120936280885 0.5032080659945004 0.4479843953185956
2 0.2534372135655362 0.35403120936280885 0.5032080659945004 0.4479843953185956
2 0.729147571035747 0.6879063719115734 0.538038496791934 0.20156046814044212
2 0.729147571035747 0.6879063719115734 0.538038496791934 0.20156046814044212
2 0.5013748854262144 0.8940182054616385 0.9935838680109991 0.20416124837451236
2 0.5013748854262144 0.8940182054616385 0.9935838680109991 0.20416124837451236
1 0.5004582951420715 0.08159947984395319 0.9917506874427131 0.0812743823146944
1 0.5004582951420715 0.08159947984395319 0.9917506874427131 0.0812743823146944
1 0.5004582951420715 0.08159947984395319 0.9917506874427131 0.0812743823146944
1 0.5004582951420715 0.08159947984395319 0.9917506874427131 0.0812743823146944
0 0.4986251145737855 0.027958387516254877 0.9789184234647113 0.05201560468140442
0 0.4986251145737855 0.027958387516254877 0.9789184234647113 0.05201560468140442
0 0.4986251145737855 0.027958387516254877 0.9789184234647113 0.05201560468140442
0 0.4986251145737855 0.027958387516254877 0.9789184234647113 0.05201560468140442
0 0.4986251145737855 0.027958387516254877 0.9789184234647113 0.05201560468140442
4 0.5994500458295142 0.20838751625487648 0.14848762603116408 0.13849154746423928
