1 0.501833180568286 0.08810143042912874 0.9963336388634281 0.07347204161248375
1 0.501833180568286 0.08810143042912874 0.9963336388634281 0.07347204161248375
1 0.501833180568286 0.08810143042912874 0.9963336388634281 0.07347204161248375
1 0.501833180568286 0.08810143042912874 0.9963336388634281 0.07347204161248375
0 0.4986251145737855 0.0305591677503251 0.997250229147571 0.054616384915474644
0 0.4986251145737855 0.0305591677503251 0.997250229147571 0.054616384915474644
0 0.4986251145737855 0.0305591677503251 0.997250229147571 0.054616384915474644
0 0.4986251145737855 0.0305591677503251 0.997250229147571 0.054616384915474644
0 0.4986251145737855 0.0305591677503251 0.997250229147571 0.054616384915474644
3 0.2603116406966086 0.36866059817945385 0.5004582951420715 0.47334200260078024
3 0.2603116406966086 0.36866059817945385 0.5004582951420715 0.47334200260078024
4 0.1379468377635197 0.5354356306892067 0.22089825847846012 0.11638491547464239
4 0.15719523373052247 0.21261378413524057 0.27222731439046743 0.13654096228868662
2 0.7548120989917507 0.3368010403120936 0.4867094408799267 0.4057217165149545
2 0.7548120989917507 0.3368010403120936 0.4867094408799267 0.4057217165149545
3 0.7543538038496792 0.7724317295188556 0.4711274060494959 0.4434330299089727
3 0.7543538038496792 0.7724317295188556 0.4711274060494959 0.4434330299089727
4 0.8684692942254812 0.6245123537061118 0.18056828597616864 0.14629388816644995
4 0.6801099908340972 0.9063719115734721 0.28964252978918426 0.1469440832249675
2 0.2589367552703941 0.8094928478543563 0.5160403299725023 0.3706111833550065
2 0.2589367552703941 0.8094928478543563 0.5160403299725023 0.3706111833550065
