3 0.7671860678276811 0.35565669700910274 0.4472960586617782 0.42522756827048114
3 0.7671860678276811 0.35565669700910274 0.4472960586617782 0.42522756827048114
2 0.27176901924839597 0.34817945383615084 0.538038496791934 0.4557867360208062
2 0.27176901924839597 0.34817945383615084 0.538038496791934 0.4557867360208062
2 0.7222731439046746 0.7883615084525357 0.5499541704857929 0.4206762028608583
2 0.7222731439046746 0.7883615084525357 0.5499541704857929 0.4206762028608583
3 0.22823098075160403 0.7864109232769831 0.4344637946837763 0.4102730819245774
3 0.22823098075160403 0.7864109232769831 0.4344637946837763 0.4102730819245774
1 0.499083409715857 0.0929778933680104 0.9853345554537122 0.06371911573472042
1 0.499083409715857 0.0929778933680104 0.9853345554537122 0.06371911573472042
1 0.499083409715857 0.0929778933680104 0.9853345554537122 0.06371911573472042
1 0.499083409715857 0.0929778933680104 0.9853345554537122 0.06371911573472042
0 0.49450045829514205 0.0305591677503251 0.9761686526122824 0.054616384915474644
0 0.49450045829514205 0.0305591677503251 0.9761686526122824 0.054616384915474644
0 0.49450045829514205 0.0305591677503251 0.9761686526122824 0.054616384915474644
0 0.49450045829514205 0.0305591677503251 0.9761686526122824 0.054616384915474644
0 0.49450045829514205 0.0305591677503251 0.9761686526122824 0.054616384915474644
