0 0.4912923923006416 0.029583875162548765 0.9789184234647113 0.05916775032509753
0 0.4912923923006416 0.029583875162548765 0.9789184234647113 0.05916775032509753
0 0.4912923923006416 0.029583875162548765 0.9789184234647113 0.05916775032509753
0 0.4912923923006416 0.029583875162548765 0.9789184234647113 0.05916775032509753
0 0.4912923923006416 0.029583875162548765 0.9789184234647113 0.05916775032509753
1 0.45875343721356554 0.09102730819245773 0.9120073327222732 0.06241872561768531
1 0.45875343721356554 0.09102730819245773 0.9120073327222732 0.06241872561768531
1 0.45875343721356554 0.09102730819245773 0.9120073327222732 0.06241872561768531
1 0.45875343721356554 0.09102730819245773 0.9120073327222732 0.06241872561768531
4 0.8877176901924839 0.21976592977893367 0.1934005499541705 0.18335500650195058
2 0.2781851512373969 0.33062418725617687 0.5508707607699358 0.4102730819245774
2 0.2781851512373969 0.33062418725617687 0.5508707607699358 0.4102730819245774
2 0.46379468377635197 0.5578673602080624 0.922089825847846 0.04161248374512354
2 0.46379468377635197 0.5578673602080624 0.922089825847846 0.04161248374512354
3 0.7717690192483959 0.33062418725617687 0.4381301558203483 0.4102730819245774
3 0.7717690192483959 0.33062418725617687 0.4381301558203483 0.4102730819245774
4 0.08707607699358387 0.6518205461638491 0.14848762603116408 0.13589076723016905
3 0.23006416131989002 0.7893368010403121 0.4381301558203483 0.4135240572171652
3 0.23006416131989002 0.7893368010403121 0.4381301558203483 0.4135240572171652
2 0.7231897341888176 0.7870611183355006 0.5462878093492209 0.41807542262678804
2 0.7231897341888176 0.7870611183355006 0.5462878093492209 0.41807542262678804
