0 0.49725022914757105 0.027633289986996098 0.9761686526122824 0.05266579973992198
0 0.49725022914757105 0.027633289986996098 0.9761686526122824 0.05266579973992198
0 0.49725022914757105 0.027633289986996098 0.9761686526122824 0.05266579973992198
0 0.49725022914757105 0.027633289986996098 0.9761686526122824 0.05266579973992198
0 0.49725022914757105 0.027633289986996098 0.9761686526122824 0.05266579973992198
1 0.49725022914757105 0.08452535760728218 0.9761686526122824 0.05981794538361508
1 0.49725022914757105 0.08452535760728218 0.9761686526122824 0.05981794538361508
1 0.49725022914757105 0.08452535760728218 0.9761686526122824 0.05981794538361508
1 0.49725022914757105 0.08452535760728218 0.9761686526122824 0.05981794538361508
2 0.7520623281393217 0.3345253576072822 0.4830430797433547 0.40767230169050717
2 0.7520623281393217 0.3345253576072822 0.4830430797433547 0.40767230169050717
3 0.26306141154903756 0.34817945383615084 0.4912923923006416 0.44148244473342
3 0.26306141154903756 0.34817945383615084 0.4912923923006416 0.44148244473342
2 0.25802016498625113 0.7935630689206762 0.5160403299725023 0.40897269180754225
2 0.25802016498625113 0.7935630689206762 0.5160403299725023 0.40897269180754225
4 0.40238313473877174 0.47464239271781533 0.1759853345554537 0.16775032509752927
4 0.07149404216315307 0.2051365409622887 0.07882676443629698 0.10858257477243173
4 0.08340971585701192 0.5026007802340702 0.1154903758020165 0.11053315994798439
3 0.7534372135655362 0.7708062418725617 0.4692942254812099 0.44538361508452534
3 0.7534372135655362 0.7708062418725617 0.4692942254812099 0.44538361508452534
4 0.6342804766269478 0.6514954486345904 0.2016498625114574 0.18855656697009102
4 0.8643446379468378 0.628738621586476 0.21264894592117323 0.14044213263979194
4 0.9060494958753437 0.7760078023407022 0.12740604949587533 0.12548764629388817
4 0.9133822181484876 0.9157997399219766 0.13290559120073328 0.12548764629388817
4 0.6173235563703025 0.9284785435630689 0.1604032997250229 0.10793237971391417
