3 0.7428964252978918 0.3712613784135241 0.5013748854262144 0.4720416124837451
3 0.7428964252978918 0.3712613784135241 0.5013748854262144 0.4720416124837451
4 0.6067827681026581 0.5305591677503251 0.18881759853345553 0.14434330299089726
4 0.8547204399633364 0.229518855656697 0.2447296058661778 0.17685305591677503
2 0.24243813015582036 0.3371261378413524 0.48120989917506873 0.406371911573472
2 0.24243813015582036 0.3371261378413524 0.48120989917506873 0.406371911573472
1 0.499083409715857 0.09330299089726918 0.9926672777268561 0.07087126137841353
1 0.499083409715857 0.09330299089726918 0.9926672777268561 0.07087126137841353
1 0.499083409715857 0.09330299089726918 0.9926672777268561 0.07087126137841353
1 0.499083409715857 0.09330299089726918 0.9926672777268561 0.07087126137841353
0 0.4986251145737855 0.03576072821846554 0.9844179651695693 0.055916775032509754
0 0.4986251145737855 0.03576072821846554 0.9844179651695693 0.055916775032509754
0 0.4986251145737855 0.03576072821846554 0.9844179651695693 0.055916775032509754
0 0.4986251145737855 0.03576072821846554 0.9844179651695693 0.055916775032509754
0 0.4986251145737855 0.03576072821846554 0.9844179651695693 0.055916775032509754
3 0.25022914757103576 0.7711313394018205 0.4711274060494959 0.4447334200260078
3 0.25022914757103576 0.7711313394018205 0.4711274060494959 0.4447334200260078
2 0.7428964252978918 0.8124187256176854 0.5123739688359303 0.36866059817945385
2 0.7428964252978918 0.8124187256176854 0.5123739688359303 0.36866059817945385
