0 0.4986251145737855 0.03576072821846554 0.9917506874427131 0.06501950585175553
0 0.4986251145737855 0.03576072821846554 0.9917506874427131 0.06501950585175553
0 0.4986251145737855 0.03576072821846554 0.9917506874427131 0.06501950585175553
0 0.4986251145737855 0.03576072821846554 0.9917506874427131 0.06501950585175553
0 0.4986251145737855 0.03576072821846554 0.9917506874427131 0.06501950585175553
1 0.49816681943171404 0.0929778933680104 0.9926672777268561 0.053315994798439535
1 0.49816681943171404 0.0929778933680104 0.9926672777268561 0.053315994798439535
1 0.49816681943171404 0.0929778933680104 0.9926672777268561 0.053315994798439535
1 0.49816681943171404 0.0929778933680104 0.9926672777268561 0.053315994798439535
2 0.1686526122823098 0.31144343302990896 0.33363886342804766 0.3810143042912874
2 0.1686526122823098 0.31144343302990896 0.33363886342804766 0.3810143042912874
2 0.5004582951420715 0.5637191157347204 0.997250229147571 0.12093628088426528
2 0.5004582951420715 0.5637191157347204 0.997250229147571 0.12093628088426528
2 0.8414298808432631 0.80851755526658 0.31164069660861593 0.36866059817945385
2 0.8414298808432631 0.80851755526658 0.31164069660861593 0.36866059817945385
4 0.34876260311640694 0.8104681404421327 0.6736938588450962 0.35955786736020806
4 0.5540788267644363 0.7051365409622887 0.2373968835930339 0.12418725617685306
4 0.5765352887259395 0.8332249674902471 0.19065077910174152 0.10078023407022106
4 0.5921173235563703 0.9369310793237972 0.15582034830430797 0.07932379713914174
4 0.11365719523373052 0.6859557867360208 0.16315307057745188 0.08322496749024708
3 0.6613198900091659 0.30591677503250975 0.6516956920256646 0.34655396618985695
3 0.6613198900091659 0.30591677503250975 0.6516956920256646 0.34655396618985695
4 0.4381301558203483 0.18823146944083224 0.17048579285059579 0.09037711313394019
4 0.4523373052245646 0.29876462938881665 0.19706691109074242 0.10078023407022106
4 0.886801099908341 0.3936931079323797 0.1934005499541705 0.15929778933680103
4 0.8817598533455545 0.24967490247074123 0.18148487626031165 0.09492847854356307
