1 0.4986251145737855 0.09785435630689207 0.9935838680109991 0.05916775032509753
1 0.4986251145737855 0.09785435630689207 0.9935838680109991 0.05916775032509753
1 0.4986251145737855 0.09785435630689207 0.9935838680109991 0.05916775032509753
1 0.4986251145737855 0.09785435630689207 0.9935838680109991 0.05916775032509753
0 0.49495875343721357 0.04031209362808843 0.9880843263061412 0.05201560468140442
0 0.49495875343721357 0.04031209362808843 0.9880843263061412 0.05201560468140442
0 0.49495875343721357 0.04031209362808843 0.9880843263061412 0.05201560468140442
0 0.49495875343721357 0.04031209362808843 0.9880843263061412 0.05201560468140442
0 0.49495875343721357 0.04031209362808843 0.9880843263061412 0.05201560468140442
3 0.2589367552703941 0.37028608582574774 0.5050412465627865 0.476592977893368
3 0.2589367552703941 0.37028608582574774 0.5050412465627865 0.476592977893368
4 0.40238313473877174 0.23472041612483746 0.1778185151237397 0.16905071521456436
2 0.7552703941338221 0.35533159947984394 0.4857928505957837 0.4466840052015605
2 0.7552703941338221 0.35533159947984394 0.4857928505957837 0.4466840052015605
2 0.26443629697525206 0.8117685305591678 0.5288725939505041 0.36996098829648894
2 0.26443629697525206 0.8117685305591678 0.5288725939505041 0.36996098829648894
3 0.7566452795600367 0.7903120936280884 0.44087992667277726 0.40897269180754225
3 0.7566452795600367 0.7903120936280884 0.44087992667277726 0.40897269180754225
4 0.6342804766269478 0.6407672301690507 0.1686526122823098 0.09037711313394019
4 0.8950504124656279 0.6654746423927178 0.14390467461044912 0.1306892067620286
4 0.9147571035747021 0.9294538361508452 0.09715857011915674 0.09427828348504551
