1 0.49541704857928504 0.0887516254876463 0.9853345554537122 0.04876462938881664
1 0.49541704857928504 0.0887516254876463 0.9853345554537122 0.04876462938881664
1 0.49541704857928504 0.0887516254876463 0.9853345554537122 0.04876462938881664
1 0.49541704857928504 0.0887516254876463 0.9853345554537122 0.04876462938881664
0 0.500916590284143 0.029583875162548765 0.998166819431714 0.055266579973992196
0 0.500916590284143 0.029583875162548765 0.998166819431714 0.055266579973992196
0 0.500916590284143 0.029583875162548765 0.998166819431714 0.055266579973992196
0 0.500916590284143 0.029583875162548765 0.998166819431714 0.055266579973992196
0 0.500916590284143 0.029583875162548765 0.998166819431714 0.055266579973992196
3 0.7286892758936755 0.2649544863459038 0.5077910174152154 0.26983094928478546
3 0.7286892758936755 0.2649544863459038 0.5077910174152154 0.26983094928478546
2 0.23418881759853347 0.2669050715214564 0.462878093492209 0.2867360208062419
2 0.23418881759853347 0.2669050715214564 0.462878093492209 0.2867360208062419
2 0.7644362969752521 0.561443433029909 0.458295142071494 0.2958387516254877
2 0.7644362969752521 0.561443433029909 0.458295142071494 0.2958387516254877
3 0.2694775435380385 0.5562418725617685 0.5334555453712191 0.2789336801040312
3 0.2694775435380385 0.5562418725617685 0.5334555453712191 0.2789336801040312
3 0.7227314390467461 0.85370611183355 0.5252062328139322 0.2808842652795839
3 0.7227314390467461 0.85370611183355 0.5252062328139322 0.2808842652795839
2 0.22731439046746105 0.8569570871261378 0.44912923923006415 0.28218465539661897
2 0.22731439046746105 0.8569570871261378 0.44912923923006415 0.28218465539661897
4 0.5939505041246563 0.19668400520156046 0.20898258478460127 0.11248374512353707
4 0.7832263978001833 0.17392717815344602 0.11824014665444546 0.06046814044213264
4 0.5449129239230064 0.36280884265279584 0.10540788267644363 0.055916775032509754
4 0.09028414298808432 0.4616384915474642 0.14023831347387716 0.0754226267880364
4 0.28001833180568286 0.45091027308192455 0.09624197983501374 0.046163849154746424
4 0.43492208982584785 0.47009102730819247 0.15857011915673694 0.08452535760728218
4 0.46333638863428045 0.5523407022106632 0.12557286892758937 0.06566970091027308
4 0.458295142071494 0.6540962288686606 0.13198900091659027 0.06892067620286085
4 0.2763519706691109 0.6459687906371911 0.15857011915673694 0.08387516254876463
4 0.08982584784601283 0.6511703511053316 0.13932172318973418 0.07347204161248375
4 0.5646196150320807 0.7711313394018205 0.17415215398716774 0.0988296488946684
4 0.8716773602199817 0.7760078023407022 0.19798350137488543 0.1033810143042913
4 0.8936755270394133 0.9284785435630689 0.17231897341888175 0.0858257477243173
4 0.5549954170485792 0.9330299089726918 0.1677360219981668 0.09232769830949285
