0 0.4977085242896425 0.0812743823146944 0.9935838680109991 0.05071521456436931
0 0.4977085242896425 0.0812743823146944 0.9935838680109991 0.05071521456436931
0 0.4977085242896425 0.0812743823146944 0.9935838680109991 0.05071521456436931
0 0.4977085242896425 0.0812743823146944 0.9935838680109991 0.05071521456436931
0 0.4977085242896425 0.0812743823146944 0.9935838680109991 0.05071521456436931
0 0.49495875343721357 0.03153446033810143 0.9807516040329972 0.056566970091027305
0 0.49495875343721357 0.03153446033810143 0.9807516040329972 0.056566970091027305
0 0.49495875343721357 0.03153446033810143 0.9807516040329972 0.056566970091027305
0 0.49495875343721357 0.03153446033810143 0.9807516040329972 0.056566970091027305
0 0.49495875343721357 0.03153446033810143 0.9807516040329972 0.056566970091027305
3 0.7607699358386801 0.3472041612483745 0.45646196150320806 0.43953185955786733
3 0.7607699358386801 0.3472041612483745 0.45646196150320806 0.43953185955786733
4 0.6361136571952337 0.479518855656697 0.152153987167736 0.14109232769830948
4 0.6200733272227315 0.21098829648894668 0.14390467461044912 0.13849154746423928
4 0.9381301558203483 0.1918075422626788 0.08524289642529789 0.10273081924577374
4 0.14482126489459213 0.6274382314694408 0.2383134738771769 0.22496749024707413
3 0.26581118240146656 0.7490247074122237 0.5151237396883593 0.4889466840052016
3 0.26581118240146656 0.7490247074122237 0.5151237396883593 0.4889466840052016
2 0.26581118240146656 0.3156697009102731 0.5261228230980751 0.37776332899869963
2 0.26581118240146656 0.3156697009102731 0.5261228230980751 0.37776332899869963
2 0.7598533455545371 0.7877113133940182 0.4692942254812099 0.41937581274382313
2 0.7598533455545371 0.7877113133940182 0.4692942254812099 0.41937581274382313
