1 0.499083409715857 0.08842652795838751 0.9853345554537122 0.0611183355006502
1 0.499083409715857 0.08842652795838751 0.9853345554537122 0.0611183355006502
1 0.499083409715857 0.08842652795838751 0.9853345554537122 0.0611183355006502
1 0.499083409715857 0.08842652795838751 0.9853345554537122 0.0611183355006502
0 0.49450045829514205 0.03185955786736021 0.9761686526122824 0.045513654096228866
0 0.49450045829514205 0.03185955786736021 0.9761686526122824 0.045513654096228866
0 0.49450045829514205 0.03185955786736021 0.9761686526122824 0.045513654096228866
0 0.49450045829514205 0.03185955786736021 0.9761686526122824 0.045513654096228866
0 0.49450045829514205 0.03185955786736021 0.9761686526122824 0.045513654096228866
4 0.40146654445462876 0.23049414824447334 0.21448212648945922 0.19830949284785435
4 0.12144821264894592 0.21033810143042914 0.15673693858845097 0.14369310793237972
4 0.42667277726856095 0.5162548764629389 0.1695692025664528 0.1599479843953186
2 0.7589367552703942 0.33485045513654094 0.47296058661778184 0.4135240572171652
2 0.7589367552703942 0.33485045513654094 0.47296058661778184 0.4135240572171652
2 0.2598533455545371 0.8101430429128739 0.5160403299725023 0.3784135240572172
2 0.2598533455545371 0.8101430429128739 0.5160403299725023 0.3784135240572172
3 0.26306141154903756 0.3641092327698309 0.5096241979835013 0.4837451235370611
3 0.26306141154903756 0.3641092327698309 0.5096241979835013 0.4837451235370611
3 0.7557286892758937 0.767555266579974 0.4665444546287809 0.4427828348504551
3 0.7557286892758937 0.767555266579974 0.4665444546287809 0.4427828348504551
