1 0.5004582951420715 0.0900520156046814 0.9789184234647113 0.06436931079323797
1 0.5004582951420715 0.0900520156046814 0.9789184234647113 0.06436931079323797
1 0.5004582951420715 0.0900520156046814 0.9789184234647113 0.06436931079323797
1 0.5004582951420715 0.0900520156046814 0.9789184234647113 0.06436931079323797
0 0.49495875343721357 0.028283485045513652 0.9715857011915674 0.056566970091027305
0 0.49495875343721357 0.028283485045513652 0.9715857011915674 0.056566970091027305
0 0.49495875343721357 0.028283485045513652 0.9715857011915674 0.056566970091027305
0 0.49495875343721357 0.028283485045513652 0.9715857011915674 0.056566970091027305
0 0.49495875343721357 0.028283485045513652 0.9715857011915674 0.056566970091027305
3 0.34234647112740607 0.2906371911573472 0.6663611365719523 0.3159947984395319
3 0.34234647112740607 0.2906371911573472 0.6663611365719523 0.3159947984395319
4 0.3391384051329056 0.19570871261378414 0.1998166819431714 0.09492847854356307
4 0.576993583868011 0.3985695708712614 0.1695692025664528 0.08062418725617686
4 0.1076993583868011 0.18042912873862157 0.18056828597616864 0.08387516254876463
2 0.8368469294225481 0.29161248374512355 0.3226397800183318 0.3296488946684005
2 0.8368469294225481 0.29161248374512355 0.3226397800183318 0.3296488946684005
2 0.49816681943171404 0.5607932379713915 0.9908340971585701 0.20871261378413525
2 0.49816681943171404 0.5607932379713915 0.9908340971585701 0.20871261378413525
2 0.14940421631530706 0.834850455136541 0.29880843263061413 0.31859557867360205
2 0.14940421631530706 0.834850455136541 0.29880843263061413 0.31859557867360205
3 0.6452795600366636 0.831924577373212 0.692942254812099 0.3283485045513654
3 0.6452795600366636 0.831924577373212 0.692942254812099 0.3283485045513654
4 0.4298808432630614 0.729518855656697 0.2456461961503208 0.11573472041612484
4 0.6489459211732356 0.7113133940182055 0.17048579285059579 0.07932379713914174
4 0.8904674610449129 0.7584525357607282 0.1622364802933089 0.1644993498049415
4 0.8675527039413382 0.7226918075422627 0.10540788267644363 0.07607282184655396
