1 0.5004582951420715 0.09330299089726918 0.9917506874427131 0.06697009102730819
1 0.5004582951420715 0.09330299089726918 0.9917506874427131 0.06697009102730819
1 0.5004582951420715 0.09330299089726918 0.9917506874427131 0.06697009102730819
1 0.5004582951420715 0.09330299089726918 0.9917506874427131 0.06697009102730819
0 0.49816681943171404 0.03673602080624187 0.9908340971585701 0.044863459037711315
0 0.49816681943171404 0.03673602080624187 0.9908340971585701 0.044863459037711315
0 0.49816681943171404 0.03673602080624187 0.9908340971585701 0.044863459037711315
0 0.49816681943171404 0.03673602080624187 0.9908340971585701 0.044863459037711315
0 0.49816681943171404 0.03673602080624187 0.9908340971585701 0.044863459037711315
3 0.3771769019248396 0.32769830949284784 0.7488542621448213 0.3966189856957087
3 0.3771769019248396 0.32769830949284784 0.7488542621448213 0.3966189856957087
4 0.13657195233730524 0.20091027308192458 0.23464711274060496 0.12093628088426528
4 0.3854262144821265 0.19375812743823148 0.22089825847846012 0.11313394018205461
4 0.6264894592117324 0.19863459037711315 0.24106324472960586 0.11898569570871262
4 0.14115490375802017 0.34070221066319895 0.25114573785517874 0.13003901170351106
4 0.6411549037580202 0.328998699609883 0.21906507791017416 0.11573472041612484
4 0.1379468377635197 0.46423927178153446 0.1934005499541705 0.10533159947984395
4 0.6292392300641613 0.45708712613784136 0.24289642529789185 0.1235370611183355
2 0.8739688359303391 0.33387516254876465 0.24289642529789185 0.4115734720416125
2 0.8739688359303391 0.33387516254876465 0.24289642529789185 0.4115734720416125
2 0.4986251145737855 0.5630689206762028 0.9935838680109991 0.054616384915474644
2 0.4986251145737855 0.5630689206762028 0.9935838680109991 0.054616384915474644
2 0.11182401466544455 0.7919375812743823 0.2236480293308891 0.40312093628088425
2 0.11182401466544455 0.7919375812743823 0.2236480293308891 0.40312093628088425
3 0.6072410632447296 0.7912873862158648 0.763519706691109 0.4044213263979194
3 0.6072410632447296 0.7912873862158648 0.763519706691109 0.4044213263979194
4 0.3771769019248396 0.665149544863459 0.25572868927589365 0.13394018205461639
4 0.34188817598533455 0.788036410923277 0.17048579285059579 0.08842652795838751
4 0.38038496791934007 0.9086475942782835 0.26581118240146656 0.14629388816644995
4 0.8735105407882676 0.8624837451235371 0.22548120989917506 0.1176853055916775
