3 0.30384967919340056 0.32802340702210664 0.5857011915673694 0.40767230169050717
3 0.30384967919340056 0.32802340702210664 0.5857011915673694 0.40767230169050717
4 0.09395050412465628 0.20286085825747724 0.14023831347387716 0.13133940182054615
2 0.7965169569202566 0.3312743823146944 0.3923006416131989 0.4141742522756827
2 0.7965169569202566 0.3312743823146944 0.3923006416131989 0.4141742522756827
2 0.2603116406966086 0.7678803641092328 0.5114573785517873 0.4564369310793238
2 0.2603116406966086 0.7678803641092328 0.5114573785517873 0.4564369310793238
4 0.7561869844179652 0.7678803641092328 0.47296058661778184 0.4564369310793238
4 0.8863428047662695 0.9050715214564369 0.18331805682859761 0.1755526657997399
1 0.4986251145737855 0.09265279583875162 0.9880843263061412 0.043563068920676205
1 0.4986251145737855 0.09265279583875162 0.9880843263061412 0.043563068920676205
1 0.4986251145737855 0.09265279583875162 0.9880843263061412 0.043563068920676205
1 0.4986251145737855 0.09265279583875162 0.9880843263061412 0.043563068920676205
0 0.4963336388634281 0.03868660598179454 0.9798350137488543 0.06176853055916775
0 0.4963336388634281 0.03868660598179454 0.9798350137488543 0.06176853055916775
0 0.4963336388634281 0.03868660598179454 0.9798350137488543 0.06176853055916775
0 0.4963336388634281 0.03868660598179454 0.9798350137488543 0.06176853055916775
0 0.4963336388634281 0.03868660598179454 0.9798350137488543 0.06176853055916775
