0 0.499083409715857 0.027958387516254877 0.9926672777268561 0.05071521456436931
0 0.499083409715857 0.027958387516254877 0.9926672777268561 0.05071521456436931
0 0.499083409715857 0.027958387516254877 0.9926672777268561 0.05071521456436931
0 0.499083409715857 0.027958387516254877 0.9926672777268561 0.05071521456436931
0 0.499083409715857 0.027958387516254877 0.9926672777268561 0.05071521456436931
1 0.49725022914757105 0.0842002600780234 0.9908340971585701 0.07737321196358908
1 0.49725022914757105 0.0842002600780234 0.9908340971585701 0.07737321196358908
1 0.49725022914757105 0.0842002600780234 0.9908340971585701 0.07737321196358908
1 0.49725022914757105 0.0842002600780234 0.9908340971585701 0.07737321196358908
2 0.26076993583868013 0.3543563068920676 0.5178735105407882 0.459037711313394
2 0.26076993583868013 0.3543563068920676 0.5178735105407882 0.459037711313394
2 0.8863428047662695 0.7831599479843954 0.22548120989917506 0.41937581274382313
2 0.8863428047662695 0.7831599479843954 0.22548120989917506 0.41937581274382313
3 0.39092575618698444 0.7893368010403121 0.7616865261228231 0.4057217165149545
3 0.39092575618698444 0.7893368010403121 0.7616865261228231 0.4057217165149545
3 0.7543538038496792 0.3488296488946684 0.47296058661778184 0.44408322496749025
3 0.7543538038496792 0.3488296488946684 0.47296058661778184 0.44408322496749025
4 0.6324472960586618 0.19083224967490248 0.20348304307974335 0.10858257477243173
4 0.8854262144821264 0.18368010403120935 0.18698441796516957 0.09817945383615084
4 0.6287809349220899 0.31209362808842656 0.2071494042163153 0.10923276983094929
4 0.6200733272227315 0.4216514954486346 0.1769019248395967 0.09427828348504551
4 0.6214482126489459 0.520481144343303 0.17231897341888175 0.08907672301690507
4 0.8670944087992667 0.508777633289987 0.21448212648945922 0.11248374512353707
4 0.1700274977085243 0.6723016905071522 0.2832263978001833 0.1482444733420026
4 0.4385884509624198 0.6492197659297789 0.21173235563703025 0.11118335500650195
4 0.15032080659945005 0.8215214564369311 0.25114573785517874 0.13328998699609884
4 0.6759853345554537 0.7815344603381015 0.1860678276810266 0.09492847854356307
4 0.41979835013748856 0.9317295188556567 0.17965169569202566 0.09362808842652796
4 0.1535288725939505 0.9401820546163849 0.15673693858845097 0.0858257477243173
4 0.6306141154903758 0.9105981794538361 0.25114573785517874 0.13459037711313393
