3 0.26672777268560954 0.3706111833550065 0.5114573785517873 0.4837451235370611
3 0.26672777268560954 0.3706111833550065 0.5114573785517873 0.4837451235370611
4 0.09899175068744272 0.5477893368010404 0.15948670944087992 0.11638491547464239
4 0.8593033913840513 0.6085825747724317 0.24106324472960586 0.11183355006501951
4 0.6420714940421631 0.6732769830949284 0.1769019248395967 0.23732119635890767
4 0.8670944087992667 0.9245773732119635 0.20898258478460127 0.11183355006501951
3 0.7621448212648946 0.7691807542262679 0.4555453712190651 0.44733420026007803
3 0.7621448212648946 0.7691807542262679 0.4555453712190651 0.44733420026007803
1 0.4940421631530706 0.08615084525357607 0.9752520623281393 0.06046814044213264
1 0.4940421631530706 0.08615084525357607 0.9752520623281393 0.06046814044213264
1 0.4940421631530706 0.08615084525357607 0.9752520623281393 0.06046814044213264
1 0.4940421631530706 0.08615084525357607 0.9752520623281393 0.06046814044213264
0 0.5 0.02860858257477243 0.9780018331805683 0.04811443433029909
0 0.5 0.02860858257477243 0.9780018331805683 0.04811443433029909
0 0.5 0.02860858257477243 0.9780018331805683 0.04811443433029909
0 0.5 0.02860858257477243 0.9780018331805683 0.04811443433029909
0 0.5 0.02860858257477243 0.9780018331805683 0.04811443433029909
2 0.7598533455545371 0.3312743823146944 0.4711274060494959 0.4141742522756827
2 0.7598533455545371 0.3312743823146944 0.4711274060494959 0.4141742522756827
2 0.26397800183318054 0.8075422626788037 0.5242896425297892 0.3732119635890767
2 0.26397800183318054 0.8075422626788037 0.5242896425297892 0.3732119635890767
