0 0.5004582951420715 0.027308192457737322 0.9899175068744271 0.0494148244473342
0 0.5004582951420715 0.027308192457737322 0.9899175068744271 0.0494148244473342
0 0.5004582951420715 0.027308192457737322 0.9899175068744271 0.0494148244473342
0 0.5004582951420715 0.027308192457737322 0.9899175068744271 0.0494148244473342
0 0.5004582951420715 0.027308192457737322 0.9899175068744271 0.0494148244473342
1 0.4986251145737855 0.08777633289986995 0.9935838680109991 0.06892067620286085
1 0.4986251145737855 0.08777633289986995 0.9935838680109991 0.06892067620286085
1 0.4986251145737855 0.08777633289986995 0.9935838680109991 0.06892067620286085
1 0.4986251145737855 0.08777633289986995 0.9935838680109991 0.06892067620286085
3 0.772685609532539 0.33550065019505854 0.43629697525206235 0.41222366710013003
3 0.772685609532539 0.33550065019505854 0.43629697525206235 0.41222366710013003
2 0.27497708524289644 0.33224967490247076 0.5499541704857929 0.4135240572171652
2 0.27497708524289644 0.33224967490247076 0.5499541704857929 0.4135240572171652
2 0.7341888175985335 0.7695058517555267 0.5187901008249313 0.45318595578673604
2 0.7341888175985335 0.7695058517555267 0.5187901008249313 0.45318595578673604
3 0.24197983501374887 0.7688556566970091 0.461961503208066 0.4336801040312094
3 0.24197983501374887 0.7688556566970091 0.461961503208066 0.4336801040312094
