0 0.49679193400549954 0.0377113133940182 0.9935838680109991 0.054616384915474644
0 0.49679193400549954 0.0377113133940182 0.9935838680109991 0.054616384915474644
0 0.49679193400549954 0.0377113133940182 0.9935838680109991 0.054616384915474644
0 0.49679193400549954 0.0377113133940182 0.9935838680109991 0.054616384915474644
0 0.49679193400549954 0.0377113133940182 0.9935838680109991 0.054616384915474644
1 0.49816681943171404 0.08907672301690507 0.9908340971585701 0.0494148244473342
1 0.49816681943171404 0.08907672301690507 0.9908340971585701 0.0494148244473342
1 0.49816681943171404 0.08907672301690507 0.9908340971585701 0.0494148244473342
1 0.49816681943171404 0.08907672301690507 0.9908340971585701 0.0494148244473342
3 0.6672777268560953 0.31014304291287387 0.6599450045829515 0.35240572171651496
3 0.6672777268560953 0.31014304291287387 0.6599450045829515 0.35240572171651496
3 0.35151237396883594 0.812743823146944 0.6865261228230981 0.3680104031209363
3 0.35151237396883594 0.812743823146944 0.6865261228230981 0.3680104031209363
2 0.16681943171402383 0.3107932379713914 0.33363886342804766 0.3706111833550065
2 0.16681943171402383 0.3107932379713914 0.33363886342804766 0.3706111833550065
2 0.49679193400549954 0.5607932379713915 0.9935838680109991 0.1267880364109233
2 0.49679193400549954 0.5607932379713915 0.9935838680109991 0.1267880364109233
2 0.847846012832264 0.8146944083224967 0.29880843263061413 0.36280884265279584
2 0.847846012832264 0.8146944083224967 0.29880843263061413 0.36280884265279584
4 0.5472043996333639 0.7148894668400521 0.2804766269477543 0.14759427828348504
4 0.09807516040329972 0.6788036410923277 0.16315307057745188 0.0858257477243173
4 0.07561869844179651 0.7916124837451235 0.10357470210815765 0.12548764629388817
4 0.5962419798350137 0.8988946684005201 0.18240146654445463 0.17100130039011704
4 0.1384051329055912 0.9245773732119635 0.23281393217231897 0.1235370611183355
4 0.43400549954170486 0.42912873862158646 0.18056828597616864 0.09492847854356307
4 0.65948670944088 0.42360208062418725 0.2080659945004583 0.10988296488946683
4 0.8872593950504125 0.43270481144343304 0.1778185151237397 0.09427828348504551
4 0.8835930339138405 0.19895968790637192 0.21081576535288726 0.10533159947984395
4 0.4688359303391384 0.2051365409622887 0.22823098075160403 0.1176853055916775
