3 0.268102658111824 0.2669050715214564 0.5197066911090742 0.27503250975292587
3 0.268102658111824 0.2669050715214564 0.5197066911090742 0.27503250975292587
3 0.73006416131989 0.5565669700910273 0.5270394133822182 0.2808842652795839
3 0.73006416131989 0.5565669700910273 0.5270394133822182 0.2808842652795839
3 0.2777268560953254 0.8517555266579974 0.5316223648029331 0.2847854356306892
3 0.2777268560953254 0.8517555266579974 0.5316223648029331 0.2847854356306892
2 0.7644362969752521 0.26918075422626786 0.4674610449129239 0.2886866059817945
2 0.7644362969752521 0.26918075422626786 0.4674610449129239 0.2886866059817945
2 0.23235563703024747 0.5591677503250976 0.46471127406049495 0.293888166449935
2 0.23235563703024747 0.5591677503250976 0.46471127406049495 0.293888166449935
2 0.7731439046746105 0.8468790637191157 0.45187901008249315 0.2906371911573472
2 0.7731439046746105 0.8468790637191157 0.45187901008249315 0.2906371911573472
4 0.39092575618698444 0.19830949284785435 0.2520623281393217 0.13394018205461639
4 0.3437213565536205 0.17132639791937582 0.12648945921173235 0.06566970091027308
4 0.10403299725022915 0.3514304291287386 0.17140238313473877 0.09167750325097529
4 0.4156736938588451 0.3384265279583875 0.19706691109074242 0.10208062418725618
4 0.5261228230980751 0.5351105331599479 0.08799266727772685 0.044213263979193757
4 0.5527039413382218 0.6488946684005201 0.14848762603116408 0.08062418725617686
4 0.8707607699358387 0.6332899869960988 0.21998166819431714 0.11703511053315994
4 0.693858845096242 0.5448634590377113 0.09349220898258478 0.04681404421326398
4 0.08661778185151238 0.7545513654096229 0.12923923006416133 0.06827048114434331
4 0.44821264894592117 0.7782834850455137 0.12832263978001834 0.12093628088426528
