0 0.499083409715857 0.04128738621586476 0.998166819431714 0.043563068920676205
0 0.499083409715857 0.04128738621586476 0.998166819431714 0.043563068920676205
0 0.499083409715857 0.04128738621586476 0.998166819431714 0.043563068920676205
0 0.499083409715857 0.04128738621586476 0.998166819431714 0.043563068920676205
0 0.499083409715857 0.04128738621586476 0.998166819431714 0.043563068920676205
1 0.4995417048579285 0.09167750325097529 0.997250229147571 0.055916775032509754
1 0.4995417048579285 0.09167750325097529 0.997250229147571 0.055916775032509754
1 0.4995417048579285 0.09167750325097529 0.997250229147571 0.055916775032509754
1 0.4995417048579285 0.09167750325097529 0.997250229147571 0.055916775032509754
3 0.27497708524289644 0.264629388816645 0.5261228230980751 0.2808842652795839
3 0.27497708524289644 0.264629388816645 0.5261228230980751 0.2808842652795839
3 0.7282309807516041 0.5565669700910273 0.532538955087076 0.2834850455136541
3 0.7282309807516041 0.5565669700910273 0.532538955087076 0.2834850455136541
3 0.27864344637946836 0.852405721716515 0.538955087076077 0.28738621586475943
3 0.27864344637946836 0.852405721716515 0.538955087076077 0.28738621586475943
2 0.7671860678276811 0.26820546163849157 0.4546287809349221 0.28543563068920674
2 0.7671860678276811 0.26820546163849157 0.4546287809349221 0.28543563068920674
2 0.230980751604033 0.5643693107932379 0.458295142071494 0.2795838751625488
2 0.230980751604033 0.5643693107932379 0.458295142071494 0.2795838751625488
2 0.770852428964253 0.85370611183355 0.4472960586617782 0.2808842652795839
2 0.770852428964253 0.85370611183355 0.4472960586617782 0.2808842652795839
4 0.09395050412465628 0.16775032509752927 0.13290559120073328 0.07022106631989597
4 0.4615032080659945 0.16514954486345904 0.1310724106324473 0.06892067620286085
4 0.6952337305224565 0.650520156046814 0.14390467461044912 0.07477243172951886
4 0.8826764436296975 0.6427178153446034 0.1759853345554537 0.09167750325097529
4 0.7451879010082493 0.45123537061118335 0.10999083409715857 0.05721716514954486
4 0.928505957836847 0.44993498049414826 0.10265811182401467 0.053315994798439535
4 0.4752520623281393 0.7467490247074122 0.12740604949587533 0.06827048114434331
