3 0.2676443629697525 0.3735370611183355 0.5059578368469294 0.4778933680104031
3 0.2676443629697525 0.3735370611183355 0.5059578368469294 0.4778933680104031
4 0.41475710357470214 0.2369960988296489 0.18973418881759854 0.1788036410923277
4 0.15261228230980753 0.2399219765929779 0.1934005499541705 0.18075422626788037
4 0.11319890009165903 0.5214564369310793 0.1677360219981668 0.15864759427828348
2 0.7598533455545371 0.3767880364109233 0.4711274060494959 0.4908972691807542
2 0.7598533455545371 0.3767880364109233 0.4711274060494959 0.4908972691807542
2 0.15261228230980753 0.8117685305591678 0.3015582034830431 0.3634590377113134
2 0.15261228230980753 0.8117685305591678 0.3015582034830431 0.3634590377113134
3 0.6475710357470211 0.8101430429128739 0.6828597616865261 0.36540962288686607
3 0.6475710357470211 0.8101430429128739 0.6828597616865261 0.36540962288686607
4 0.4046746104491292 0.6882314694408322 0.1622364802933089 0.07087126137841353
4 0.40284142988084326 0.8234720416124838 0.15673693858845097 0.08257477243172952
4 0.6292392300641613 0.9359557867360208 0.18240146654445463 0.09947984395318596
4 0.4175068744271311 0.9340052015604682 0.1915673693858845 0.09817945383615084
4 0.845096241979835 0.9138491547464239 0.25114573785517874 0.13198959687906373
1 0.49725022914757105 0.08289986996098829 0.9908340971585701 0.06046814044213264
1 0.49725022914757105 0.08289986996098829 0.9908340971585701 0.06046814044213264
1 0.49725022914757105 0.08289986996098829 0.9908340971585701 0.06046814044213264
1 0.49725022914757105 0.08289986996098829 0.9908340971585701 0.06046814044213264
0 0.49725022914757105 0.027308192457737322 0.9908340971585701 0.045513654096228866
0 0.49725022914757105 0.027308192457737322 0.9908340971585701 0.045513654096228866
0 0.49725022914757105 0.027308192457737322 0.9908340971585701 0.045513654096228866
0 0.49725022914757105 0.027308192457737322 0.9908340971585701 0.045513654096228866
0 0.49725022914757105 0.027308192457737322 0.9908340971585701 0.045513654096228866
